13000000000
13011111111
13022222222
13033333333
13044444444
13055555555
13066666666
13077777777
13088888888
13099999999
13100000000
13111111111
13122222222
13133333333
13144444444
13155555555
13166666666
13177777777
13188888888
13199999999
13200000000
13211111111
13222222222
13233333333
13244444444
13255555555
13266666666
13277777777
13288888888
13299999999
13300000000
13311111111
13322222222
13333333333
13344444444
13355555555
13366666666
13377777777
13388888888
13399999999
13500000000
13511111111
13522222222
13533333333
13544444444
13555555555
13566666666
13577777777
13588888888
13599999999
13400000000
13411111111
13422222222
13433333333
13444444444
13455555555
13466666666
13477777777
13488888888
13499999999
13600000000
13611111111
13622222222
13633333333
13644444444
13655555555
13666666666
13677777777
13688888888
13699999999
13700000000
13711111111
13722222222
13733333333
13744444444
13755555555
13766666666
13777777777
13788888888
13799999999
13800000000
13811111111
13822222222
13833333333
13844444444
13855555555
13866666666
13877777777
13888888888
13899999999
13900000000
13911111111
13922222222
13933333333
13944444444
13955555555
13966666666
13977777777
13988888888
13999999999
15000000000
15011111111
15022222222
15033333333
15044444444
15055555555
15066666666
15077777777
15088888888
15099999999
15100000000
15111111111
15122222222
15133333333
15144444444
15155555555
15166666666
15177777777
15188888888
15199999999
15200000000
15211111111
15222222222
15233333333
15244444444
15255555555
15266666666
15277777777
15288888888
15299999999
15300000000
15311111111
15322222222
15333333333
15344444444
15355555555
15366666666
15377777777
15388888888
15399999999
15500000000
15511111111
15522222222
15533333333
15544444444
15555555555
15566666666
15577777777
15588888888
15599999999
15600000000
15611111111
15622222222
15633333333
15644444444
15655555555
15666666666
15677777777
15688888888
15699999999
15700000000
15711111111
15722222222
15733333333
15744444444
15755555555
15766666666
15777777777
15788888888
15799999999
15800000000
15811111111
15822222222
15833333333
15844444444
15855555555
15866666666
15877777777
15888888888
15899999999
15900000000
15911111111
15922222222
15933333333
15944444444
15955555555
15966666666
15977777777
15988888888
15999999999
17000000000
17011111111
17022222222
17033333333
17044444444
17055555555
17066666666
17077777777
17088888888
17099999999
18000000000
18011111111
18022222222
18033333333
18044444444
18055555555
18066666666
18077777777
18088888888
18099999999
18100000000
18111111111
18122222222
18133333333
18144444444
18155555555
18166666666
18177777777
18188888888
18199999999
18200000000
18211111111
18222222222
18233333333
18244444444
18255555555
18266666666
18277777777
18288888888
18299999999
18300000000
18311111111
18322222222
18333333333
18344444444
18355555555
18366666666
18377777777
18388888888
18399999999
18400000000
18411111111
18422222222
18433333333
18444444444
18455555555
18466666666
18477777777
18488888888
18499999999
18500000000
18511111111
18522222222
18533333333
18544444444
18555555555
18566666666
18577777777
18588888888
18599999999
18600000000
18611111111
18622222222
18633333333
18644444444
18655555555
18666666666
18677777777
18688888888
18699999999
18700000000
18711111111
18722222222
18733333333
18744444444
18755555555
18766666666
18777777777
18788888888
18799999999
18800000000
18811111111
18822222222
18833333333
18844444444
18855555555
18866666666
18877777777
18888888888
18899999999
18900000000
18911111111
18922222222
18933333333
18944444444
18955555555
18966666666
18977777777
18988888888
18999999999
15400000000
13100000001
13000000001
13200000001
13300000001
13400000001
13500000001
13800000001
15000000001
15100000001
15200000001
15300000001
15400000001
15500000001
15900000001
15800000001
15700000001
18000000001
18100000001
18200000001
18300000001
18800000001
15411111111
13888888880
15888888880
15488888888
18888888880
18812341234
1010000000
1020000000
1030000000
1040000000
1050000000
1060000000
1070000000
1080000000
1090000000
1100000000
1110000000
1120000000
1130000000
1140000000
1150000000
1160000000
1170000000
1180000000
1190000000
1200000000
1210000000
1220000000
1230000000
1240000000
1250000000
1260000000
1270000000
1280000000
1290000000
1300000000
1310000000
1320000000
1330000000
1340000000
1350000000
1360000000
1370000000
1380000000
1390000000
1400000000
1410000000
1420000000
1430000000
1440000000
1450000000
1460000000
1470000000
1480000000
1490000000
1500000000
1510000000
1520000000
1530000000
1540000000
1550000000
1560000000
1570000000
1580000000
1590000000
1600000000
1610000000
1620000000
1630000000
1640000000
1650000000
1660000000
1670000000
1680000000
1690000000
1700000000
1710000000
1720000000
1730000000
1740000000
1750000000
1760000000
1770000000
1780000000
1790000000
1800000000
1810000000
1820000000
1830000000
1840000000
1850000000
1860000000
1870000000
1880000000
1890000000
1900000000
1910000000
1920000000
1930000000
1940000000
1950000000
1960000000
1970000000
1980000000
1990000000
1001111111
1011111111
1021111111
1031111111
1041111111
1051111111
1061111111
1071111111
1081111111
1091111111
1101111111
1111111111
1121111111
1131111111
1141111111
1151111111
1161111111
1171111111
1181111111
1191111111
1201111111
1211111111
1221111111
1231111111
1241111111
1251111111
1261111111
1271111111
1281111111
1291111111
1301111111
1311111111
1321111111
1331111111
1341111111
1351111111
1361111111
1371111111
1381111111
1391111111
1401111111
1411111111
1421111111
1431111111
1441111111
1451111111
1461111111
1471111111
1481111111
1491111111
1501111111
1511111111
1521111111
1531111111
1541111111
1551111111
1561111111
1571111111
1581111111
1591111111
1601111111
1611111111
1621111111
1631111111
1641111111
1651111111
1661111111
1671111111
1681111111
1691111111
1701111111
1711111111
1721111111
1731111111
1741111111
1751111111
1761111111
1771111111
1781111111
1791111111
1801111111
1811111111
1821111111
1831111111
1841111111
1851111111
1861111111
1871111111
1881111111
1891111111
1901111111
1911111111
1921111111
1931111111
1941111111
1951111111
1961111111
1971111111
1981111111
1991111111
1002222222
1012222222
1022222222
1032222222
1042222222
1052222222
1062222222
1072222222
1082222222
1092222222
1102222222
1112222222
1122222222
1132222222
1142222222
1152222222
1162222222
1172222222
1182222222
1192222222
1202222222
1212222222
1222222222
1232222222
1242222222
1252222222
1262222222
1272222222
1282222222
1292222222
1302222222
1312222222
1322222222
1332222222
1342222222
1352222222
1362222222
1372222222
1382222222
1392222222
1402222222
1412222222
1422222222
1432222222
1442222222
1452222222
1462222222
1472222222
1482222222
1492222222
1502222222
1512222222
1522222222
1532222222
1542222222
1552222222
1562222222
1572222222
1582222222
1592222222
1602222222
1612222222
1622222222
1632222222
1642222222
1652222222
1662222222
1672222222
1682222222
1692222222
1702222222
1712222222
1722222222
1732222222
1742222222
1752222222
1762222222
1772222222
1782222222
1792222222
1802222222
1812222222
1822222222
1832222222
1842222222
1852222222
1862222222
1872222222
1882222222
1892222222
1902222222
1912222222
1922222222
1932222222
1942222222
1952222222
1962222222
1972222222
1982222222
1992222222
1013333333
1023333333
1033333333
1043333333
1053333333
1063333333
1073333333
1083333333
1093333333
1103333333
1113333333
1123333333
1133333333
1143333333
1153333333
1163333333
1173333333
1183333333
1193333333
1203333333
1213333333
1223333333
1233333333
1243333333
1253333333
1263333333
1273333333
1283333333
1293333333
1303333333
1313333333
1323333333
1333333333
1343333333
1353333333
1363333333
1373333333
1383333333
1393333333
1403333333
1413333333
1423333333
1433333333
1443333333
1453333333
1463333333
1473333333
1483333333
1493333333
1503333333
1513333333
1523333333
1533333333
1543333333
1553333333
1563333333
1573333333
1583333333
1593333333
1603333333
1613333333
1623333333
1633333333
1643333333
1653333333
1663333333
1673333333
1683333333
1693333333
1703333333
1713333333
1723333333
1733333333
1743333333
1753333333
1763333333
1773333333
1783333333
1793333333
1803333333
1813333333
1823333333
1833333333
1843333333
1853333333
1863333333
1873333333
1883333333
1893333333
1903333333
1913333333
1923333333
1933333333
1943333333
1953333333
1963333333
1973333333
1983333333
1993333333
1004444444
1014444444
1024444444
1034444444
1044444444
1054444444
1064444444
1074444444
1084444444
1094444444
1104444444
1114444444
1124444444
1134444444
1144444444
1154444444
1164444444
1174444444
1184444444
1194444444
1204444444
1214444444
1224444444
1234444444
1244444444
1254444444
1264444444
1274444444
1284444444
1294444444
1304444444
1314444444
1324444444
1334444444
1344444444
1354444444
1364444444
1374444444
1384444444
1394444444
1404444444
1414444444
1424444444
1434444444
1444444444
1454444444
1464444444
1474444444
1484444444
1494444444
1504444444
1514444444
1524444444
1534444444
1544444444
1554444444
1564444444
1574444444
1584444444
1594444444
1604444444
1614444444
1624444444
1634444444
1644444444
1654444444
1664444444
1674444444
1684444444
1694444444
1704444444
1714444444
1724444444
1734444444
1744444444
1754444444
1764444444
1774444444
1784444444
1794444444
1804444444
1814444444
1824444444
1834444444
1844444444
1854444444
1864444444
1874444444
1884444444
1894444444
1904444444
1914444444
1924444444
1934444444
1944444444
1954444444
1964444444
1974444444
1984444444
1994444444
1005555555
1015555555
1025555555
1035555555
1045555555
1055555555
1065555555
1075555555
1085555555
1095555555
1105555555
1115555555
1125555555
1135555555
1145555555
1155555555
1165555555
1175555555
1185555555
1195555555
1205555555
1215555555
1225555555
1235555555
1245555555
1255555555
1265555555
1275555555
1285555555
1295555555
1305555555
1315555555
1325555555
1335555555
1345555555
1355555555
1365555555
1375555555
1385555555
1395555555
1405555555
1415555555
1425555555
1435555555
1445555555
1455555555
1465555555
1475555555
1485555555
1495555555
1505555555
1515555555
1525555555
1535555555
1545555555
1555555555
1565555555
1575555555
1585555555
1595555555
1605555555
1615555555
1625555555
1635555555
1645555555
1655555555
1665555555
1675555555
1685555555
1695555555
1705555555
1715555555
1725555555
1735555555
1745555555
1755555555
1765555555
1775555555
1785555555
1795555555
1805555555
1815555555
1825555555
1835555555
1845555555
1855555555
1865555555
1875555555
1885555555
1895555555
1905555555
1915555555
1925555555
1935555555
1945555555
1955555555
1965555555
1975555555
1985555555
1995555555
1006666666
1016666666
1026666666
1036666666
1046666666
1056666666
1066666666
1076666666
1086666666
1096666666
1106666666
1116666666
1126666666
1136666666
1146666666
1156666666
1166666666
1176666666
1186666666
1196666666
1206666666
1216666666
1226666666
1236666666
1246666666
1256666666
1266666666
1276666666
1286666666
1296666666
1306666666
1316666666
1326666666
1336666666
1346666666
1356666666
1366666666
1376666666
1386666666
1396666666
1406666666
1416666666
1426666666
1436666666
1446666666
1456666666
1466666666
1476666666
1486666666
1496666666
1506666666
1516666666
1526666666
1536666666
1546666666
1556666666
1566666666
1576666666
1586666666
1596666666
1606666666
1616666666
1626666666
1636666666
1646666666
1656666666
1666666666
1676666666
1686666666
1696666666
1706666666
1716666666
1726666666
1736666666
1746666666
1756666666
1766666666
1776666666
1786666666
1796666666
1806666666
1816666666
1826666666
1836666666
1846666666
1856666666
1866666666
1876666666
1886666666
1896666666
1906666666
1916666666
1926666666
1936666666
1946666666
1956666666
1966666666
1976666666
1986666666
1996666666
1007777777
1017777777
1027777777
1037777777
1047777777
1057777777
1067777777
1077777777
1087777777
1097777777
1107777777
1117777777
1127777777
1137777777
1147777777
1157777777
1167777777
1177777777
1187777777
1197777777
1207777777
1217777777
1227777777
1237777777
1247777777
1257777777
1267777777
1277777777
1287777777
1297777777
1307777777
1317777777
1327777777
1337777777
1347777777
1357777777
1367777777
1377777777
1387777777
1397777777
1407777777
1417777777
1427777777
1437777777
1447777777
1457777777
1467777777
1477777777
1487777777
1497777777
1507777777
1517777777
1527777777
1537777777
1547777777
1557777777
1567777777
1577777777
1587777777
1597777777
1607777777
1617777777
1627777777
1637777777
1647777777
1657777777
1667777777
1677777777
1687777777
1697777777
1707777777
1717777777
1727777777
1737777777
1747777777
1757777777
1767777777
1777777777
1787777777
1797777777
1807777777
1817777777
1827777777
1837777777
1847777777
1857777777
1867777777
1877777777
1887777777
1897777777
1907777777
1917777777
1927777777
1937777777
1947777777
1957777777
1967777777
1977777777
1987777777
1997777777
1008888888
1018888888
1028888888
1038888888
1048888888
1058888888
1068888888
1078888888
1088888888
1098888888
1108888888
1118888888
1128888888
1138888888
1148888888
1158888888
1168888888
1178888888
1188888888
1198888888
1208888888
1218888888
1228888888
1238888888
1248888888
1258888888
1268888888
1278888888
1288888888
1298888888
1308888888
1318888888
1328888888
1338888888
1348888888
1358888888
1368888888
1378888888
1388888888
1398888888
1408888888
1418888888
1428888888
1438888888
1448888888
1458888888
1468888888
1478888888
1488888888
1498888888
1508888888
1518888888
1528888888
1538888888
1548888888
1558888888
1568888888
1578888888
1588888888
1598888888
1608888888
1618888888
1628888888
1638888888
1648888888
1658888888
1668888888
1678888888
1688888888
1698888888
1708888888
1718888888
1728888888
1738888888
1748888888
1758888888
1768888888
1778888888
1788888888
1798888888
1808888888
1818888888
1828888888
1838888888
1848888888
1858888888
1868888888
1878888888
1888888888
1898888888
1908888888
1918888888
1928888888
1938888888
1948888888
1958888888
1968888888
1978888888
1988888888
1998888888
1009999999
1019999999
1029999999
1039999999
1049999999
1059999999
1069999999
1079999999
1089999999
1099999999
1109999999
1119999999
1129999999
1139999999
1149999999
1159999999
1169999999
1179999999
1189999999
1199999999
1209999999
1219999999
1229999999
1239999999
1249999999
1259999999
1269999999
1279999999
1289999999
1299999999
1309999999
1319999999
1329999999
1339999999
1349999999
1359999999
1369999999
1379999999
1389999999
1399999999
1409999999
1419999999
1429999999
1439999999
1449999999
1459999999
1469999999
1479999999
1489999999
1499999999
1509999999
1519999999
1529999999
1539999999
1549999999
1559999999
1569999999
1579999999
1589999999
1599999999
1609999999
1619999999
1629999999
1639999999
1649999999
1659999999
1669999999
1679999999
1689999999
1699999999
1709999999
1719999999
1729999999
1739999999
1749999999
1759999999
1769999999
1779999999
1789999999
1799999999
1809999999
1819999999
1829999999
1839999999
1849999999
1859999999
1869999999
1879999999
1889999999
1899999999
1909999999
1919999999
1929999999
1939999999
1949999999
1959999999
1969999999
1979999999
1989999999
1999999999
18812345678
